%YAML:1.0
---
K: !!opencv-matrix
   rows: 3
   cols: 3
   dt: d
   data: [ 5.3640543425810947e+03, 0., -5.5469200054064736e+01, 0.,
       2.2531993033099047e+03, 4.8759308986711738e+02, 0., 0., 1. ]
D: !!opencv-matrix
   rows: 1
   cols: 5
   dt: d
   data: [ 5.7965299445213384e+02, -8.9581796628403186e+04,
       1.9598339047090034e+00, -1.8363673960051430e-01,
       2.0021786685925192e+04 ]
