%YAML:1.0
---
K: !!opencv-matrix
   rows: 3
   cols: 3
   dt: d
   data: [ 3.6595714670439284e+03, 0., 1.3525253825042723e+03, 0.,
       3.6221094847058393e+03, 1.6563798815259597e+03, 0., 0., 1. ]
D: !!opencv-matrix
   rows: 5
   cols: 1
   dt: d
   data: [ 6.9804892228150450e-02, 2.2519722828875306e+00,
       -2.4100995086093820e-02, -1.9028621366057798e-02,
       -1.2847382756007084e+01 ]
