%YAML:1.0
---
K: !!opencv-matrix
   rows: 3
   cols: 3
   dt: d
   data: [ 8.9843859329981846e+04, 0., 1.5093697729555277e+03, 0.,
       4.2245884653952016e+04, 2.3231524419694374e+03, 0., 0., 1. ]
D: !!opencv-matrix
   rows: 1
   cols: 5
   dt: d
   data: [ -1.6751922372172990e+02, 3.7304517690072666e+04,
       -9.2869635716431231e-01, -2.5050092830893371e+00,
       1.1067543563911939e+02 ]
