%YAML:1.0
---
K: !!opencv-matrix
   rows: 3
   cols: 3
   dt: d
   data: [ 3.5063805620412036e+03, 0., 1.4580445960780005e+03, 0.,
       3.4862898565702249e+03, 1.8458104549336720e+03, 0., 0., 1. ]
D: !!opencv-matrix
   rows: 5
   cols: 1
   dt: d
   data: [ 3.7407614774408987e-01, -3.3243247023171261e+00,
       -1.0150559292332629e-02, -1.0316869800042393e-02,
       1.5629295943365285e+01 ]
