%YAML:1.0
---
K: !!opencv-matrix
   rows: 3
   cols: 3
   dt: d
   data: [ 3.4983264772976258e+03, 0., 1.4476407399461784e+03, 0.,
       3.4861386673198003e+03, 1.8682442977886651e+03, 0., 0., 1. ]
D: !!opencv-matrix
   rows: 5
   cols: 1
   dt: d
   data: [ 3.9508965392604506e-01, -3.1300697378777875e+00,
       -1.1357008131309005e-02, -1.2359907917753789e-02,
       1.1751481240455369e+01 ]
