%YAML:1.0
---
K: !!opencv-matrix
   rows: 3
   cols: 3
   dt: d
   data: [ 5.3312922898394747e+04, 0., 3.6121816242150373e+02, 0.,
       2.3909638180113470e+04, 4.2539865870045759e+02, 0., 0., 1. ]
D: !!opencv-matrix
   rows: 1
   cols: 5
   dt: d
   data: [ 2.0101506899019330e+02, 3.8044979867221678e+04,
       4.2509163953825553e+00, 2.4305942904092093e-01,
       1.4205990569953879e+03 ]
