%YAML:1.0
---
K: !!opencv-matrix
   rows: 3
   cols: 3
   dt: d
   data: [ 1.6789022214865743e+05, 0., 1.5362886716938826e+03, 0.,
       4.8639454453264450e+04, 2.0392953059016861e+03, 0., 0., 1. ]
D: !!opencv-matrix
   rows: 1
   cols: 5
   dt: d
   data: [ -1.1456009102697851e+02, 7.9856668045452834e+03,
       6.0952181468714606e-01, -1.5734020220983294e+00,
       4.3836214556744473e+01 ]
