%YAML:1.0
---
K: !!opencv-matrix
   rows: 3
   cols: 3
   dt: d
   data: [ 3.6098209423572553e+03, 0., 1.3991790749940626e+03, 0.,
       3.5812978785526998e+03, 1.7046863507813889e+03, 0., 0., 1. ]
D: !!opencv-matrix
   rows: 5
   cols: 1
   dt: d
   data: [ 2.1204024666926191e-01, 1.4857015733191175e+00,
       -2.8728310026589220e-02, -1.7889599841304400e-02,
       -1.1152228955649656e+01 ]
