%YAML:1.0
---
K: !!opencv-matrix
   rows: 3
   cols: 3
   dt: d
   data: [ 3.4231599023968379e+03, 0., 1.4770626063187972e+03, 0.,
       3.4068342617948274e+03, 1.9075676818682707e+03, 0., 0., 1. ]
D: !!opencv-matrix
   rows: 5
   cols: 1
   dt: d
   data: [ 3.5772657722145179e-01, -3.2246418513963588e+00,
       -2.9031938561841658e-03, -5.9601102051470801e-03,
       1.3292868046010552e+01 ]
