%YAML:1.0
---
K: !!opencv-matrix
   rows: 3
   cols: 3
   dt: d
   data: [ 4.3265128590197992e+03, 0., 5.5491614316940593e+02, 0.,
       1.3654704339448276e+03, 5.1929459662292106e+02, 0., 0., 1. ]
D: !!opencv-matrix
   rows: 1
   cols: 5
   dt: d
   data: [ 1.4852907411777841e+02, 1.2347097936253118e+04,
       -8.8112085242564575e+00, -2.1792523761500129e+00,
       -5.0390316734654707e+05 ]
